11111111

111111111 (ε tontole ἔχουσαι) Ν 46.

Sabaeorum V 23.

moer: 11111 11 7. [1111111 11 37. enoris
145.

11111111(-1111111)1 sacerdotes 11 151 11-
1[11111111]11401 [1111111111 V 8. [11111-
11111]11117.

sacerdotium 11 251 [1111]11111111 11 24.

1111111111 (ι-· ὅρκον) l 16.

1111111111 (ε31111,3111α1) 11 311 [11-
11111111 11 41.

11111111[1111] (= ἱερός) 11 21.

[1]1111[111]1 11 et.

[eeere (ε πλειστάκις [123] 11 161 = 1111-
1111111 10) [123] 11 16 [150]

1111111111 21.

6111111111 5. 6111111111 V 34.

6111111111 V 52.

6111111 Ν 13.

[11111111]1[1] 1 29. [1111)]1111127. [11111-
1]1111144. 1111111118.

[Scythae] a Σκύθαι V 52.

111141.

1111115.

[11]111122.

Semnones V 17.

[111111 1.- ostergoe) 11 19.

111111161 (= 1111111111) V 6. [11111]1·
1111111141.

1111111 (= 1111111111 1111111 ouon epioe
126) 126 [1116. 39]. 45 [1124] 1111.4
111111. 111 19. 221 [11]11111 11 301 [111]1-
1111 31 11[11111]1 22. 1111111 &eon enm
11111121 111) 127. [44] 11 1. [21. 34]
Ν 181 11111111) 11271 111111[1] 11161
11111[11] 1115. 1111111111 1119.
[1111111 31, 38].

1111111111.

[septem virum] = 1111 ἑπτὰ 1116111111 46.

septimum odo. Ν 19.

septenos: [ee]p[timnm] 1291 septimo 11 13.

111111111[1]111[111] 111 38.

11111111111111] 11 28.

servili V 34

sorvorum V 1.

111111[111]1 19.

sescentiens 111 25.

1111111111111341 [1111]11111111124; 11-
111111111] 111 321 ets 111 7. 8. 10. 38
Ν 26.

111111111111 16. 20.

sexaginte 11 4.

1111111111 411 11[11]1[11] 11301 11111111
11124.

1111[11]111.1117 [1118]

Sextus: Sex. 119 511.

111111111111112 1113.

11120 11111. ι

sient· (111.) v s. 1111111111. sso-
11111111135.

signe (= 1111111) 1 39. 411 11[11]1142.
[11111116]

6111111137.

11111 1 61 1[1111] 1 5.

111111 10.

111111111118.

[11111111] ---Ι ἑταῖρος 146.

1111 111111 14.

solnm (= toaoost: 1111114. 15. 21. 22.

11111 (= ἠρίθμησα) 111 28. 26.

1611111 61 [1]1111 111 26.

1111111111 (2311) lV 431 11111[11]1[111]
1134. [1111111111111.

spolie (= 111111) 1 41.

spolietis IV 50.

sponte V 4.

1111111 (= ἀνδριάντες) 11 51. 1111111111
1154.

111[]11111]1111 38. 1111111111111311 111111-
[(111]1 17.

1111 steterunt 11 52.

1[1]1[1111] 11 30.

111111 15. 23 16 1127.

1[11111]11 (= ὑπέταξα) 146. subiecit 11111. 2.
1111[1]11111 (= ὑπεγράφησαν) 1111113.

Sueborum] Vl 3.

[Sugambrorum = [Σο]1[γ]άμρρων 11 2.

Sulpicio 11 28.

111 11112 11 3. 29 1116. 111127 1121
11137 1144 11222 1111201111]
113711[1]114211[11]1136. 1111128
114.6 Ν 42 17.18.211[1]11111131
11[1]111111. 31 11[11]1 8. 1111 V 27.
31. to. 1111111231 [11]1111143. 111
146. 111111124 1113. 1111111116.

- 20 111 21. 40 16. 9. 311 11111127.

[1111]11 129. 111112611 451 111[1] 1142.
111111 11 46. .

11111 (= συνκεφαλαίωσις) 11 29. [1]1[1-
me] (== 11φ111111)11124.

 

