GRAECA 11,1-1ο

11,1 8 1111 1 1111011101010111111111
1 11 11101111111010
1 11 11111111111111011111011111
1 τ 1 111 11 urano-011⁸
1 1 Α11·101111110101011111111111111
1 τ 11 1111110111111111
1

11111101111110111111111111111111111111011111·
1 111110111111111111110111011111110111
11 11110111111·1111111111111111011111111111
11 11111011111111111111111111111101111111111
11 101111111111110111111111111111011 1111011111
11 11111111011111111111010111101111111111
11 11110111010111111111111111111111111011
11 A 11 1011101111011111
11 11 1 11 1101111011
11
11
11
m

Perrot 11 1111111111.
11111111111111111111 lm 111. ι 101 1 3010110111 1 4111111111. 1111111110-
. 1111111111 Ι 5111111111111111110“Ρ111 Ι 111111111.111111101111111
1 1 111 1111 1. 111101111111 1 8 1111111111 11] 111 11111 1 9 11111 1111111
111111· 1111111101 1 111111111111111110111111111111110111111101 1
11 1011111111 1 111111111111110111111011111 Ι 13111111 111 11 ’01 1 11 111111
1111111111 1 1111011101 1 1111111111-1101111011

18 111] 111 Pom, 111 111. 01111, 1 1111111111 1100111111111111] 1)111.,11001
11111111111 oct„ 111005 Λ Pom, Lvnos Luc. chish„ 1111111111. Ι 0111111110
111111011111111 111, >Τ111111 01111 Peru, 1111111110111011111111.
011111, 101111110111111111111, 11111101111111 111111.

39 1111111 versu [ετ Pom, 01111·1151Μ1111111. 1111111ίί1111 1111111111 Zumpt), 1111.
Lue.chi11.

41 11111111111110111, 111111111111. 1 11011110111. 1 1111111111, 11
(1111111., om. 11111111. Ι 11110111] 111Ρ111., 1111011111 11110111011111. 1111111111,
Ι 11101111Ρ111.11111 111 Ρ111. Luc„ 1111 Coss. chish. 11111111.

41 1110110] 1111, [mono Ρ111, 111010 Luc„ 1110110 Coss. 01111111111111
111111111111 Ρο11.,1111111111111110111. 1 1011111101] 1111111, 1011110101
Cous„ 1101111101 Luc„ 1011110·οΕ01 chish. 1111111111. 1 51111115] 1111 Ρ111. 0111111,
11111111 11111111, 51111111 Luc„ 111111 (1111111111110111. (11111.

41 11111111 1111. 1 11111111] 111, 1111111111111111111, 1111111111 11111111,
Τ11111111 Pera, 1111111111, 1111vr11·1111.1.1v111 1111. 1 111111101111111111111.
Luc. 01111, 11011101111111111111, 110111111110111.

 

