111111 1,11-1,1

‘infirmem

1,11 11 11011011110111111111111
11 11 111111111111011111111111
1,1 1011111111·τ11111“ 111111111110110111011111011
1 11110111111111·111110111111111111111011111
1 11111011111111 11 1111 1 11
1 111111 s 1
1 0

1 01
1 1111111110

1

1 ’ ’ 111111111110111110 11111
1ο · 1111011111

11 ;11111;;11

11 0111111111

11 ’11111111

,11 11 111 1

11 11 1

11 ’1111111011

17 -111111011111111 111 1111111 11111 1111111011

111111010101111111111111111111011111
11 11111111111 1 111111111110111001111011111111111

1ο 11[1111110111110111111110111111111110111

millissimum ⁸ ffl·lllii³2AN
11 1111111· ·111Ι1 101111111111111111011 1 1111111011

11 111111111111111111111111101 1 111111
3,1 11011111 ·

Perrot 11 1111111111.

11111111111111 111 his: 1,11 11191111
11111111111111111111011011011 1 1111111111111101;1111 Ι 3111111
11 11111101 11 1 1ῑ1τ1111 1111111.) Ι 50111 1 6-8 1111111 91111111111110111101
extr. 11-161111111111111111 1111111111 Ι 11111 Ι 11 1111 1 1311111 14 >izi
151(11111)Ι161(ρ111) Ι 1111ε111111111“1111 Ι 181111111101111
1111011111 1 1911 110110011110111111111 Ι 10 11101111110111 111 111111
11 111 1111111111 1111111 11 1111 (cetera ut 1111113 1111111111 11 11011 ³ 1111111

16 01111111] 1111111111 11111. (Sp. 01111.) 1 1101111111111111]1111111111111111
Luc. 1 111111111111111] 1111111111.,1ν11111110111 Ρο11.,1ν1111111>ν11111.,
111111111111111, 1111110111111 (11111. 1 1111111110 om. (1111.

11 11110110111111111 Pom, 11110111 1111111111 111111111101101111111111
(11111., Qlo 5111111011. Ι 11111111111111111111., svmmvm 11111111.
0111111,111111011111111.,11111011111111. Ι ivm-90 11111111.,11111100
Patr„ 1111111 (2111111 pisinum 1111111, 1111110 Luc„ ΙΝ ntorum (111111.

28 111111 Ι11111· 11111 - 01111111 · 11] nos, nch1 · 11111 · 11111 · Qma 11111111,
1011111111111111111.,νο 111. ciiii. 1 ucis 1111111, 1111111111,
1110111111. (11111 Ι 1111111111 Moram, 1111111111 Pera, 11 1111. 011111.

19 0111111111111. priores Ι 1111111111111111111111 1 1] 1111111111.,111.111.

30 11111111011111111] 1111111. 11111111,11·10111 ina Chinh.

 

