VERBORVM 209 ⁴

11111 (= 01111 11 381 1111[1]1 11351 1[1]-
don lV 3'l; [11111] ΙΙ 11.

lupercal (= 11111111ρὸ111 11 2 [1133]

11111111 (= ἀποτείμησις] ll 3. 5. 8. 1111111
113. 6. 10.

[1111111111 V 35.

111111113.

1111111111] 11 36.

magistratus (--· inm: 111111111111 1112.
11[111]111[1]1 11 23. 1[11111]1111[111]
11 35. [11]]111111111 11 40.

megene (gen.) Ν 8. magne (1151.) 1122
133. 1111111124. 11111111123.
mximum 114. [111111111111111111 120.

11111111 (omn apice V 251 = τῶν ἀρχαίων
11 121 πάτρια 1251 cf. 1111111111142)
1112 125.

milui V 251 1[1111] 1 15.

1111111111 (== λαφύρων) 111 8. 11 Ν 241
[manubiis Ν 21.

Marcelli VI 351 1111111111] Ν 23. [1111-
11111132.

111111111 11.

1111[1]ο11111111 113.

liorem: ll. 112 1112121135 112131.

1111 V 1. 32. 1111113 1 13. 161 1[111]
125 [1113]

1111111123.
, 1111[111]111 Ν 38.

‘ 1111111(111111 npioe 11211 dinem) 1121.
25 142 1131.

[Mettium] = Ἄρεως 11 40·

1111111118 [1133]

[11111111] 1 38.
11111 1111. 11111111 (num apiee Vl 9)

129. [53] 11 1. 9.

1[111111]111145. 111111[1]1111 111 21.

1111111116.

1111111221

111111111111211

1111134.

111111 151 111[1] ll 241 [111]1[1] 1 48.
111 (gen. sing.) lli 1.8 lV 10. 23. 34.

11111 (1111111111.) 111 28. meum l 10
129111[1]11Ι28. 111111 118 1118.

111116 113130. 1118. 10. 22 1114.
31. 10. 53 1 18 11161 [11]11 111391
1[11] 11136 11351 1[1]111142. mee
(101. sing. seen.) - 111 34 11 15. [111]1
(nene. plur. sem.) lV 51. 111 (1111111. pl.)

111 13 13. 1111111111 11 11401
1111111111 311 11111111] 1115. mee.
111 11 11. 26. 11111125 1146 1128.
11111125 1411111111] 131.

miles (= 1111111111 111111111111. 21
1 36. militibus 11121131 11301 11111-
11111] 111 30.

militene 111 36. 1111111111 V 39.

1111111111111111 V 6.

mille 1114. millia (11111111 16) l 16.
18114.5.1.11 11114.18.19.21 1121.
33. 48 121 1111111] 11111 1[11111]“1181
1[111]11 11 42. 11111111111 11111.

milliens 111 24. 25. 38 11261 11111111[1]
111 341 [11]111111[1] 111 32.

111111111(--··Ἀ1111111)Ν 6 11 32.

. miter: minue 11111. 1111111111 41111-

1011[1]Ι 20.

111111111 11 20.

utilio (= 1111111111 1111 131. [nisit]
114. 111[1]11136.

euenor: 111[11ο] 1125.

morien V 30.

motu 1141.

multarum (= 1111111111 13.-

[mqutitueine 11 21.

1111111111 11 20.

1111111111 (² κατὰ πόλεις) 11 18.

municipium (= 1161111111 23311 πολιτεία
11 21, 2911 11111111111111 1111111111]
111 31. 1111111111 111231111111111111 211
municipiis] iV 29.

munus (111111111111 == μονομαχία) Ν 31.
[1111111]1139. muneribus IV 32.

11111111 V 22.

11111111 Cn. (= 11111111 111 111111 C. 1. Attio.
111 585. 6195. 14361 peremptum 1111111
111111 0.1.1..111 1728 111, 11111 al.
L. VI 10687, 11111111 aliter scripserunt
Romani, 1111· mm 1111111111· compendii, 11
1111111111 11111, 11111111, 11111 111111·-
1111111111111111 primam litteram 111111-
1111111131 111 23. 28. 40.

Narbonensi V 36.

111111111144. 1111111.

1111111 11 43.

navigavit V 15.

niven (111111 1111111461119 1146.

[11111]1111[1111]11 40.

11112311[1]16.

 

