55555 555555 5, 55-5, ιο

555 555555 5 555 5 555511555·555555·55 5 5515511115

55 55551555 Ι ’

55 55555555 55

55 5555551115 55 55 55515055555-55, 55

55 5551555551 1 51555515 5 551555-55555555555 55 555 .

55 555555·11ν.551·555 5 5555555155155555515 55

55 55555555555505555 5 55515·555550555·Τ15555 55 1551511 55551
5555555555 5 t 5555555 55 55555
555· 1555555511555555555555511155555 55 5155

6, 1
1
1 55550· 15551055555555555555 55 nationvm
1
5
5

555555555051555555555555555-55550ι 55 5555555555
55555555551551555-55555555555555155555 5 svm-nouom
555555· 15155555555·55555·555115·55555 55 5555555555
, 5 5555555555555515515555555 55555 55 5555556555 .
5 55·551555555·15555555551 1
5 155555515555555555·55555555 ιι 551555555-51555555 555. 53 1
55 555551515555 1555-5551555551555 55 1555515555 1

1555551551 (5, 511 51-51 85555, ggtffleffiicgitnyffi 5555515 Lucu Mordtmnnn Perrot 1

18-51 post 0555551555 Toum. 1551585551555151551551 1551555 principia 55555555 500111 1511 1
ex 555). 51 (555 55551. 53 (555515). 54 (An 55 5115555555 555551555505551. 4

15 5555515 (115115) 5 5551555] 5555555515 (115511) 551555, 55555511111111111
108111111111155.01151., 1150115551555115551155, Ι υνετνε·511111111111ν1115
111111] 555 (n 515 DA 15 ectypo 555 55551155), 0115111551 Pom, vclvs 1155111151, ,
551. 1155111555.

19 onmes-m] 5551555, 5555555 Luc. 55155. 11555555.

50 1111) 15555. (Sp. chish.) 11551155.

51 05111151]1555.111151ι.,0115551)555.,911115115τά15. Ι (515·11051115111·511]555,
55555555555 1555, 5 5555555 5551151515, 555555555551151555. 1
virgulam 5551 cnm 551555 lineam addidit 151155

52 15651111155. 15555. (Sp. (111515.) 1 151115 55511555, 1511155 1155111555.,51551511
1151111 Luc„ 5555555555511151111 55155. Ι 55155555555555555]

555, 55155555555555551555, 555-5555555555 11555155, 555-5555111111
,111115 Luc„ 151 55111111111115 11151515. Ι 11111] 555, 1115 Pom, 555. rel.

55 555555111.551 5551555155, 5555551155555 555 Luc„ 5511555551, 555.
55555, 55555555555555555 1151515, 5555555515 1111555 555 1155515. 1
55555555] 555, 5555555155, nvmqyss 1155555, 555511155115151.

51 5555111555 coum] 555, 555511155·5055551555., 5ν5ιιςιε·εοι55ν 555, 555-
55555551. 555. 555515, 555551555·5555555 (115155. 1155155. l 55515155515555.

(Sp. 011515), 56551555. 1155111555.,(1115 Luc. 1 15151150515151115555.185.)1
11111111] 555, 151151 Pom, 1151 11555155, 555. Luc. chish.
6, 1 1111115115 (3111515115551155. 1 1115115155155511551155,5151165155.,5111511151515.

2 11115] 555 1)555.1555.,1111551111515., 115115 11555115. propter 25551ἰί55315 1 11111·
151115 1511115] (11 5515 vm vidit 11555, 555 551 15 ectypo) 555,151111511151111 1555.
11551555. 1115155, 5555551111] Luc. Ι 555505555551555, 5555555555 Pom
11555555, 555551111111155155 Luc„ 5555555555 11151515. ι 5555111555
(1151515, 511115 (ο vidit 11555, 15 ectypo 555 agnovimus) 555, 111115 reliqui

 

