111111 111111 1, 11 -- 11

6,11 11111·01όο11·111161111 11111111 1ο 111111111111111111

12 11111 · 111115 · 1110111111111 · 11111111

11 1110011111111111101111111101 11 1111151111111111 111131
11 111-10115111111111111111151111 11 11111111111111111

11 111-1111-101151111· 11111111 11Ι 1111111111-1111111111

11 010110111111011101111111 11 1111111111111111115

11 1011151111111111111111 11 1101111111

11 111111111111111111151 ’ 11 111111111111111051

11 1150111111111111111111 11 11011111111115111

11 11111111 · 11111111 11 11111111111111111-

11 1111111111111011-1111111 111

11 11111111111111110·1111111 11 1111010

11 oye · 111 111 111111 1 1101111111

11Τε111111·01ε1111111011111111 11 1111101110- cap.35
11 1011111011101111111·1111111111 11 namn-moy&

11 1111111111111111111111111111110111111 11 1111101115-111

11 1111ᾈ1111111150111111111115-0-101 11 15111111

11 11111111111111111111111511 1111 1 1 1 1

Lucas Mordtmann Perrot Domaszewski octypum.

11 111011111111111·1111.,111111111111.,1111111111.ε1111. 1 1101511111111. 1
1111111115111111. 1 111 111111.

12 ΝΕΡ] 1051111111. 1111111111, ΝΕ Ρ111.1111.

13 smum-p (1111111111, 1111111101 Pom, 51111110-11111·1111,, 51111110 Luc.
Chish. Ι 11] Α priores Ι 111111111111110111111.

14 1111] 1111111. (1111111, 1111 Ρ1111,’1111 1111111111. [111111111111111111117111111111

15 1111111 1111111111. 1 1111111111 Luc.

16 (1101011111. 1 1111111111, 11111111, 51111111111111. 1 111111·1111]111
Ρ111. 1111111111, 1111111511 11111, appeltam] augusTvm Chish.

11 11-011101 5111111111, 11111111151111 11111111, 1101 1111 111 Luc„ 1vl·cA
511111111011111.

18 11111111] 111 11111111, 1111111111, 1111111151 1111101111. 1 111 1111111111·
1051 Pera, 111 111111051 1111111, 1111 11111 (11111 (11111.) 1051 111. Chish.

19 115· 01111·111111-511111111] 11111111, 111-01111111111-11111111111111111, 1111-
01111111111111111111111111 1111011111. 1 11 11111]1111,111·111111111111, -
110 Luc„ 1111111111. 1 1111111111 1111111.

20 11111111]111,11511τ11111111111.,115111111111, 1111111011111. Ι 15111111115
1111511111111 1111. 111. (111111, 15110 11111111. (151 1111111 Zumpt) '

11 1110111111111101111111. 1111111111 111111111111051·10·11111111111.,
1011111) 111. (11111.

11 111115111111111110 [111111 Pera, 1111511111111111111110-111111 11111111. secutus
supplementa Ζ11111111111, 1101111110 1111111111. Ι 1110101101, 111011οΡ111,
vo 1101111111, 11111111. Ghish.

13 011111 11111111111011111111] 111, 011·111111111111111·1011111 11111111,
01111111111111111101111011 Pom, (011110 Luc. (11111.

 

